./lc_openmp dataset/MNIST_data.csv dataset/MNIST_label.csv 30 16
Iteration 1 loss: 3323.002978
Iteration 2 loss: 1626.377295
Iteration 3 loss: 962.506536
Iteration 4 loss: 795.911564
Iteration 5 loss: 702.862772
Iteration 6 loss: 652.345262
Iteration 7 loss: 620.026778
Iteration 8 loss: 594.173429
Iteration 9 loss: 573.615597
Iteration 10 loss: 556.752140
Iteration 11 loss: 542.333746
Iteration 12 loss: 529.824685
Iteration 13 loss: 518.893178
Iteration 14 loss: 509.224548
Iteration 15 loss: 500.524193
Iteration 16 loss: 492.554520
Iteration 17 loss: 485.125482
Iteration 18 loss: 478.094898
Iteration 19 loss: 471.372296
Iteration 20 loss: 464.912929
Iteration 21 loss: 458.701181
Iteration 22 loss: 452.733237
Iteration 23 loss: 447.005717
Iteration 24 loss: 441.510692
Iteration 25 loss: 436.234736
Iteration 26 loss: 431.160196
Iteration 27 loss: 426.267749
Iteration 28 loss: 421.539358
Iteration 29 loss: 416.960770
Iteration 30 loss: 412.522997

Execution time: 0.9695s

Final weights:
0.000000
0.000000
0.000000
0.000000
0.000000
0.000000
0.000000
0.000000
0.000000
0.000000
0.000000
0.000000
0.000000
0.000000
0.000000
0.000000
0.000000
0.000000
0.000000
0.000000
0.000000
0.000000
0.000000
0.000000
0.000000
0.000000
0.000000
0.000000
0.000000
0.000000
0.000000
0.000000
0.000000
0.000000
0.000000
0.000000
0.000000
0.000000
0.000000
0.000000
0.000000
0.000000
0.403563
0.000000
0.000000
0.000000
0.000000
0.000000
0.000000
0.000000
0.000000
0.000000
0.000000
0.000000
0.000000
0.000000
0.000000
0.000000
0.000000
0.000000
0.000000
0.000000
0.000000
0.000000
0.000000
0.000000
0.000000
12.987359
0.051548
0.393589
-0.264375
0.236574
0.152835
-13.923561
-0.102720
0.000000
0.000000
0.000000
0.000000
0.000000
0.000000
0.000000
0.000000
0.000000
0.000000
0.000000
0.000000
0.000000
0.000000
0.000000
0.000000
0.000000
0.000000
-0.147281
-0.131344
-1.037606
0.683665
-0.244655
0.136661
0.000119
-0.007326
-0.049297
0.404771
-0.519793
0.836800
-2.676507
1.214651
0.000000
0.000000
0.000000
0.000000
0.000000
0.000000
0.000000
0.000000
0.000000
0.239237
0.000000
0.000000
1.746930
-0.350130
0.376704
0.271692
0.040371
-0.011677
0.067203
-0.019514
0.020456
0.053103
0.045893
0.032673
-0.004911
0.007626
-0.065457
-0.045406
0.245762
-0.438799
0.000000
0.000000
0.000000
0.000000
0.000000
1.189222
0.000000
1.093981
-0.938003
0.090064
-0.202659
0.411374
-0.507071
0.021472
0.063164
0.126469
0.115376
0.151555
0.219725
0.129269
0.207881
0.076247
0.086470
0.100062
0.141866
0.178016
0.006952
0.062815
1.786331
-0.822882
0.000000
0.000000
0.000000
-0.499954
0.326779
-0.031915
-0.093464
0.000736
0.129968
-0.083525
-0.195940
-0.045321
0.006471
-0.121955
-0.036847
-0.025118
-0.027645
-0.040721
-0.096115
0.023831
-0.020653
0.010907
-0.138990
-0.146661
0.227304
0.224015
-4.896863
0.000000
0.000000
-1.529101
-0.154254
0.312838
-0.184444
-0.059179
-0.027950
-0.109623
0.003589
0.019878
-0.001513
-0.008211
-0.060887
-0.016978
-0.020237
-0.028303
-0.052795
0.000485
-0.055951
-0.019855
0.061437
-0.021363
0.116053
0.082764
-0.065981
-0.213218
-0.095757
0.142965
0.000000
0.126168
-0.285753
-0.122659
0.010747
-0.067309
0.186079
-0.002979
-0.083971
0.016701
0.043679
-0.040777
-0.119654
-0.064479
-0.017134
-0.019433
-0.053136
-0.030955
0.007546
0.053089
0.006358
0.015594
-0.031844
-0.051981
0.039805
-0.040508
0.667843
0.000000
0.000000
4.465733
0.205990
0.023950
-0.062759
-0.025191
0.004727
-0.019160
0.074315
-0.130102
-0.002475
-0.050499
-0.092816
0.008192
0.045368
-0.012614
-0.059841
-0.011803
-0.008385
0.001182
0.001842
0.004107
-0.036257
0.027511
-0.085096
-0.004634
-0.399918
-1.779999
-0.113281
-248.839479
-0.273016
-0.084492
0.094041
-0.007951
0.004452
-0.046347
-0.036485
-0.002184
0.012407
-0.073817
0.030072
0.052285
-0.064317
-0.091785
-0.035475
-0.036686
-0.049523
-0.044281
-0.063768
0.021065
0.017996
0.055413
0.171224
-0.182209
0.045277
0.597107
-0.808531
0.667049
-0.002651
0.178182
0.008410
-0.119645
0.007647
-0.025730
-0.046087
0.029939
-0.024486
-0.019424
0.010958
0.002173
-0.139689
-0.032178
0.074776
-0.059912
-0.068954
-0.051707
-0.040667
0.014062
0.003266
0.016129
0.125939
-0.185239
0.533909
17.812770
0.000000
0.000000
0.099877
-0.137718
-0.119351
0.072362
-0.030359
0.066968
0.014713
-0.077926
0.030972
0.049349
-0.104626
-0.062493
0.030078
0.317627
0.040831
-0.053667
-0.047309
-0.015200
-0.038937
-0.038340
0.009100
-0.181476
-0.034584
0.706422
-0.695116
0.000000
0.000000
0.000000
-1.052986
0.021074
0.032655
-0.274978
0.009517
-0.079271
0.081488
-0.062065
-0.111165
-0.013024
-0.054088
0.232984
0.105593
0.401891
-0.087088
0.056730
-0.035660
0.016467
0.014458
-0.036232
-0.078028
-0.103781
0.134876
-0.907634
0.192573
-13.914623
0.000000
0.000000
-8.032924
0.578574
0.072917
-0.020414
-0.010964
-0.083583
-0.035787
-0.046153
0.139062
-0.032610
0.093645
-0.078055
0.093204
0.143825
-0.002579
-0.019800
-0.065768
-0.012284
0.003540
-0.036298
0.045493
0.017233
-0.262551
-0.458219
0.927049
0.410847
0.000000
-8.685817
0.000000
0.000000
0.243208
0.178327
0.024150
0.169748
-0.057198
0.108685
-0.129777
-0.077024
-0.106309
0.000649
0.081084
0.034155
0.013487
-0.053292
-0.045110
-0.016241
0.005684
0.125929
-0.166887
-0.039889
-0.120305
0.375053
-0.453969
1.655480
0.000000
0.302300
-4.435985
-25.332182
-0.842183
-0.581136
0.055001
-0.184132
0.018367
-0.025428
0.001729
0.002517
-0.051129
-0.029314
-0.000440
0.060139
-0.000435
-0.052892
-0.000255
-0.052628
-0.069256
-0.088731
0.060763
0.006446
0.074751
0.052634
0.250613
0.000000
0.000000
0.000000
0.811022
-3.508993
2.424739
-0.421863
0.430718
-0.149879
0.083414
0.066961
0.074208
-0.044743
-0.054290
0.004557
-0.015733
0.058904
-0.012205
0.005583
0.029152
-0.009343
0.059740
-0.148277
0.188470
-0.091244
-0.085046
-0.319787
-1.234571
-1.858744
5.688208
0.000000
14.495603
0.029609
-0.272286
-0.400680
-0.233000
0.102372
0.029991
-0.039485
-0.020060
-0.008819
0.012361
0.016709
-0.025753
0.001287
0.020156
0.037843
0.066784
-0.037968
-0.148600
0.130455
-0.256891
0.362308
0.095027
0.445491
2.191192
-0.340096
0.706388
0.000000
-0.380956
1.204313
0.105744
-0.508197
0.600230
-0.330184
0.061248
-0.064969
0.018006
-0.008948
0.080493
-0.041904
0.027249
-0.020755
0.047566
0.075046
0.017483
0.129459
-0.005925
0.165702
-0.232492
-0.508934
0.029519
-1.111918
0.718296
0.000000
-0.304070
0.000000
-2.462945
-10.411344
-0.134921
0.586500
-0.455416
-0.179787
-0.132657
-0.012116
0.055675
0.013127
0.011632
-0.022642
-0.026084
-0.000615
-0.002987
0.025979
0.063206
0.136171
-0.046480
-0.210957
0.150137
0.271614
0.968553
-0.252393
-0.243466
0.000000
0.000000
-1.113552
0.000000
0.000000
2.261483
-0.052684
0.374361
0.176239
0.326205
0.072901
-0.004603
-0.022993
0.003594
-0.018626
0.001573
-0.011066
0.007779
-0.007261
-0.069711
-0.065467
0.234823
0.030825
0.227108
-0.021678
0.562302
-0.696347
1.115765
0.210318
0.000000
0.162797
0.000000
0.000000
-2.155993
0.322670
-0.166706
0.125919
-0.052014
0.047803
0.042168
-0.001109
0.005207
-0.016561
0.063505
-0.040736
0.008214
-0.044166
-0.044067
0.033685
-0.142947
0.086042
-0.012293
-0.496915
0.827429
0.682105
-1.758731
0.000000
0.000000
0.000000
0.000000
0.000000
1.272419
-0.512667
0.199520
-0.195903
-0.010081
-0.123173
0.035067
0.009721
0.003292
-0.001983
0.002835
-0.024618
-0.026290
-0.011121
0.071700
-0.037119
-0.040544
0.132051
0.052738
0.158742
-0.724996
0.515968
0.000000
0.000000
0.000000
0.000000
0.000000
-0.343633
-0.170409
-0.334390
-0.047393
-0.025653
-0.049076
0.057906
0.006372
0.044818
0.042977
0.066207
0.029532
0.023451
0.082099
0.013682
0.091892
0.170753
0.136179
-0.397666
0.060628
0.731323
2.146371
-0.724315
-0.683131
0.000000
0.000000
0.000000
0.000000
0.000000
0.753028
-0.508102
0.246303
0.077869
-0.150077
0.085474
-0.043162
-0.027328
-0.043222
0.004206
0.004106
0.047066
-0.060931
-0.044357
-0.107667
-0.258108
-0.001071
0.239737
0.274898
-0.994054
4.797108
0.126343
0.000000
0.000000
0.000000
0.000000
0.000000
0.000000
0.000000
0.325264
-0.403374
0.028788
0.096907
-0.105736
-0.006565
-0.009703
0.012954
-0.016659
-0.065025
-0.024660
0.042890
0.012772
0.077616
0.155224
0.110093
-0.075148
0.085505
0.346499
-1.504359
0.000000
0.000000
0.000000
0.000000
0.000000
0.000000
0.000000
0.000000
0.079685
-0.535093
0.573362
-0.562727
0.543879
-0.029345
0.015804
-0.029969
0.001986
-0.115815
0.007334
-0.108838
0.010197
-0.094559
-0.019316
-0.092565
-0.447288
0.209396
-1.279342
-0.143597
0.000000
0.000000
0.000000
0.000000
